4.430190820834841361e+02 1.292623621853736609e+02
4.783391861576394035e+02 1.155120500898509732e+02
4.676893047866948336e+02 1.685254224670666474e+02
4.261774590491871209e+02 1.518245386665454078e+02
4.398316528742266200e+02 1.764557040750520969e+02
4.593398813378182126e+02 1.609298638326550304e+02
4.246061683528747039e+02 9.690287059774699685e+01
4.357611654572685893e+02 1.625339638847468393e+02
3.901765268355268290e+02 2.144505969595429917e+02
4.034784035264174804e+02 1.899068923697755906e+02
3.890540107063826554e+02 1.321410806473417381e+02
3.351987803771709764e+02 1.144179218843112125e+02
2.510303355482043628e+02 6.390034674162077977e+01
2.844183162649529208e+02 8.445519887890347377e+01
3.015876277580430269e+02 6.905235763255087988e+01
3.381471337709133422e+02 1.121242389459156783e+02
3.073253034689254832e+02 1.255763141542035584e+02
3.077078809612146415e+02 1.507726190292418664e+02
3.700334163283142175e+02 1.866733067921135500e+02
3.602314528851491673e+02 2.226177189009235349e+02
4.183567193317156807e+02 2.630526913791586594e+02
4.005931082618384380e+02 2.864932428009311707e+02
4.207029694406168119e+02 2.848092364130288274e+02
5.136000104804944613e+02 1.565345053234476609e+02
5.773977062508353129e+02 4.308094654502175302e+01
5.838852299239276817e+02 -2.161269708689018998e+01
4.944457200364424239e+02 -1.945211386154767297e+01
4.818409937159879632e+02 -2.299808602808864322e+01
4.554594183627336292e+02 -1.129505575676208018e+01
3.925618266986697336e+02 -2.780308304327741098e+01
4.031490417640998771e+02 1.490297014631348134e+02
2.484090060357581251e+02 9.669030105748363724e+01
3.170780318924122412e+02 3.722494272563882305e+02
2.510388741415517586e+02 3.302424928877354091e+02
2.564411084267109686e+02 3.298452330146303666e+02
4.146988391230646585e+02 3.618245509159285120e+02
3.866710715764250494e+02 3.555546745011056373e+02
4.075001468021902724e+02 3.570624404581802764e+02
5.270928158768291496e+02 4.403081687407488971e+02
5.464647058382868181e+02 4.847614536984556253e+02
4.355225967790166806e+02 4.455506496041338664e+02
3.185455616687399925e+02 4.234706279603411190e+02
3.492099575250458656e+02 3.511546656137049354e+02
4.060260713462739659e+02 3.926721172376365416e+02
3.863664316972339066e+02 4.091628438979814177e+02
4.269046089488087432e+02 4.425942366208669796e+02
4.002686238846884521e+02 4.661831505806257496e+02
4.049962650606631769e+02 4.655190452580679334e+02
0.000000000000000000e+00 0.000000000000000000e+00
0.000000000000000000e+00 0.000000000000000000e+00
