4.417059030148930105e+02 1.399289312458264476e+02
4.725544390834326691e+02 1.262022447232444904e+02
4.540346502621784452e+02 1.643560039552035619e+02
4.760292468341833114e+02 1.085513694046412354e+02
4.872937363053979993e+02 3.854064428790250219e+01
4.249654847808802742e+02 1.431591456081342812e+02
4.233613736822422311e+02 1.433420057535469425e+02
4.040588258503688053e+02 1.450916596326389367e+02
3.910925556408533339e+02 1.563904573500952893e+02
3.824716772674104277e+02 1.499457082661870402e+02
3.596779781967127292e+02 1.365231104027709819e+02
3.755986462662949066e+02 1.012893508680081709e+02
3.001238417965469125e+02 1.114203957347103682e+02
2.972998981344647973e+02 9.391400714082075751e+01
3.170315243298026076e+02 1.321405416033618678e+02
3.146505354753165307e+02 1.682548704143088116e+02
2.278779940552573464e+02 2.641814719814202590e+02
3.149985123186603460e+02 1.521245957736474850e+02
2.679656926744416978e+02 1.621774740712420169e+02
2.395201497613865911e+02 2.237955742282610458e+02
2.333762816387937846e+02 3.500784726550951973e+02
4.801774219190554618e+02 3.464430108034626983e+02
4.166414301653304619e+02 3.704032762024603471e+02
4.584457121744972028e+02 3.588109232673309634e+02
5.330879201010429824e+02 3.662473533912738048e+02
3.668874992428600876e+02 3.610855482658029700e+02
3.283905928568984791e+02 4.910057518863954442e+02
3.092210034043141036e+02 4.251825693651454117e+02
2.955244505989169852e+02 3.930850873978430400e+02
2.015683157172650226e+02 4.452178407276841199e+02
3.049695572499088030e+02 4.561497781941672542e+02
2.372041526522017136e+02 3.710685242064780027e+02
3.068666870656587093e+02 3.362724164894108299e+02
2.298273151078496426e+02 3.120477675748724096e+02
1.613711785848796012e+02 3.380523611967855118e+02
2.367397092543005499e+02 3.378245960200127342e+02
1.782532906013725551e+02 3.303748215046633732e+02
1.952119250025231452e+02 3.668920645466971564e+02
1.453456725313754987e+02 4.511277833863317142e+02
1.858937976223971589e+02 4.522273963486269963e+02
1.639109633782680646e+02 4.212445187530406656e+02
2.465320434132266030e+02 3.873613879762369265e+02
1.416165517861054184e+02 3.651683638812256163e+02
1.631709304356100461e+02 4.295994558855326773e+02
1.291038851984004054e+02 3.987062354707991858e+02
2.378578112412465657e+02 4.071289071871267993e+02
2.118220979384679197e+02 3.792268509946923700e+02
7.453562570403323662e+01 4.050357823223045557e+02
0.000000000000000000e+00 0.000000000000000000e+00
0.000000000000000000e+00 0.000000000000000000e+00
