4.378932363679774653e+02 1.371756620116681233e+02
4.571286640424440861e+02 1.193024904942643332e+02
4.465670854492884700e+02 1.617091638349737082e+02
4.432854472911456014e+02 1.030906105990334538e+02
4.545092653481940488e+02 -1.318414067727936612e+01
4.416494219351305901e+02 2.659608921730681530e+01
3.918794210758946406e+02 8.670052044716011608e+01
4.044942780246651637e+02 1.246413706556050158e+02
4.005064889962020516e+02 1.432005171519588771e+02
3.983113011224754700e+02 1.509608418323059595e+02
3.983806029385716556e+02 2.129327729590130218e+02
2.891454097637110294e+02 1.195018732743493075e+02
2.653297016155553933e+02 1.262295164306181903e+02
2.666915703346994633e+02 1.105964344487686901e+02
3.335556549063601892e+02 6.506288170698030626e+01
3.447778852283036031e+02 1.216770919921703609e+02
3.352530284177764202e+02 1.600578378153081474e+02
2.929979703294439446e+02 1.645113543170267576e+02
2.659720148857308004e+02 1.405447504099949185e+02
3.524162396272695901e+02 2.427253859127142732e+02
4.403933189633318648e+02 1.663309922332032045e+02
5.022522886214713935e+02 2.156814596691858412e+02
5.160635325746386570e+02 2.122073757867418919e+02
5.148102132456938307e+02 1.587497559358402555e+02
6.025614312617701671e+02 3.657147251020129488e+02
5.701504440479632194e+02 3.547945451077180792e+02
5.361566704069153957e+02 1.810941350016103399e+02
4.755052447241585014e+02 4.007240739395315927e+02
6.263967322864504013e+02 4.443550790878780958e+02
3.696479906116247207e+02 3.874114828249816469e+02
3.611609340022799870e+02 4.086841187217883657e+02
2.788799136965199068e+02 3.639777364223673999e+02
2.549705479820589460e+02 3.075400659485963502e+02
1.763233004539008277e+02 3.373732969803334640e+02
2.041259853976621628e+02 3.433432573416728246e+02
1.933430018728683990e+02 3.392626804709722705e+02
2.621451075602227547e+02 3.445100363999032425e+02
2.476950919599859446e+02 4.130592188887447378e+02
2.585701322430053324e+02 4.142168210974112981e+02
2.918822075560944427e+02 4.105118387807489739e+02
3.214885258234023695e+02 4.200063998749341749e+02
2.855400354737753901e+02 4.711638389518913641e+02
3.962671181249668280e+02 4.093532958948266582e+02
4.181620765336003842e+02 4.087075834468988091e+02
3.574793000511800756e+02 4.278359147931239477e+02
3.800909607407525641e+02 4.460453246066660995e+02
3.713267577619579356e+02 4.527250922193159681e+02
3.994853205820238031e+02 4.651699977115589490e+02
0.000000000000000000e+00 0.000000000000000000e+00
0.000000000000000000e+00 0.000000000000000000e+00
0.000000000000000000e+00 0.000000000000000000e+00
0.000000000000000000e+00 0.000000000000000000e+00
0.000000000000000000e+00 0.000000000000000000e+00
0.000000000000000000e+00 0.000000000000000000e+00
0.000000000000000000e+00 0.000000000000000000e+00
0.000000000000000000e+00 0.000000000000000000e+00
0.000000000000000000e+00 0.000000000000000000e+00
0.000000000000000000e+00 0.000000000000000000e+00
0.000000000000000000e+00 0.000000000000000000e+00
0.000000000000000000e+00 0.000000000000000000e+00
0.000000000000000000e+00 0.000000000000000000e+00
0.000000000000000000e+00 0.000000000000000000e+00
0.000000000000000000e+00 0.000000000000000000e+00
0.000000000000000000e+00 0.000000000000000000e+00
0.000000000000000000e+00 0.000000000000000000e+00
0.000000000000000000e+00 0.000000000000000000e+00
0.000000000000000000e+00 0.000000000000000000e+00
0.000000000000000000e+00 0.000000000000000000e+00
0.000000000000000000e+00 0.000000000000000000e+00
0.000000000000000000e+00 0.000000000000000000e+00
